1.00e-32 1.00e-32 1.00e-32 1.00e-32 1.00e-32 1.00e-32 1.00e-32 1.00e-32 1.00e-32 1.00e-32 1.00e-32 1.00e-32 1.00e-32 1.00e-32 1.00e-32 1.00e-32 1.00e-32 1.00e-32 1.00e-32 1.00e-32 1.00e-32 1.00e-32 1.00e-32 1.00e-32 1.00e-32 1.00e-32 1.00e-32 1.00e-32 1.00e-32 1.00e-32 1.00e-32 1.00e-32 1.00e-32 1.00e-32 1.00e-32 1.00e-32 1.00e-32 1.00e-32 1.00e-32 1.00e-32 1.00e-32 1.00e-32 1.00e-32 1.00e-32 1.00e-32 1.00e-32 1.00e-32 1.00e-32 1.00e-32 1.00e-32 1.00e-32 1.00e-32 1.00e-32 1.00e-32 1.00e-32 1.00e-32 1.00e-32 1.00e-32 1.00e-32 1.00e-32 1.00e-32 1.00e-32
1.00e-32 1.00e-32 1.00e-32 1.00e-32 1.00e-32 1.00e-32 1.00e-32 1.00e-32 1.00e-32 1.00e-32 1.00e-32 1.00e-32 1.00e-32 1.00e-32 1.00e-32 1.00e-32 1.00e-32 1.00e-32 1.00e-32 1.00e-32 1.00e-32 1.00e-32 1.00e-32 1.00e-32 1.00e-32 1.00e-32 1.00e-32 1.00e-32 1.00e-32 1.00e-32 1.00e-32 1.00e-32 1.00e-32 1.00e-32 1.00e-32 1.00e-32 1.00e-32 1.00e-32 1.00e-32 1.00e-32 1.00e-32 1.00e-32 1.00e-32 1.00e-32 1.00e-32 1.00e-32 1.00e-32 1.00e-32 1.00e-32 1.00e-32 1.00e-32 1.00e-32 1.00e-32 1.00e-32 1.00e-32 1.00e-32 1.00e-32 1.00e-32 1.00e-32 1.00e-32 1.00e-32 1.00e-32
1.00e-32 1.00e-32 1.00e-32 1.00e-32 1.00e-32 1.00e-32 1.00e-32 1.00e-32 1.00e-32 1.00e-32 1.00e-32 1.00e-32 1.00e-32 1.00e-32 1.00e-32 1.00e-32 1.00e-32 1.00e-32 1.00e-32 1.00e-32 1.00e-32 1.00e-32 1.00e-32 1.00e-32 1.00e-32 1.00e-32 1.00e-32 1.00e-32 1.00e-32 1.00e-32 1.00e-32 1.00e-32 1.00e-32 1.00e-32 1.00e-32 1.00e-32 1.00e-32 1.00e-32 1.00e-32 1.00e-32 1.00e-32 1.00e-32 1.00e-32 1.00e-32 1.00e-32 1.00e-32 1.00e-32 1.00e-32 1.00e-32 1.00e-32 1.00e-32 1.00e-32 1.00e-32 1.00e-32 1.00e-32 1.00e-32 1.00e-32 1.00e-32 1.00e-32 1.00e-32 1.00e-32 1.00e-32
1.00e-32 1.00e-32 1.00e-32 1.00e-32 1.00e-32 1.00e-32 1.00e-32 1.00e-32 1.00e-32 1.00e-32 1.00e-32 1.00e-32 1.00e-32 1.00e-32 1.00e-32 1.00e-32 1.00e-32 1.00e-32 1.00e-32 1.00e-32 1.00e-32 1.00e-32 1.00e-32 1.00e-32 1.00e-32 1.00e-32 1.00e-32 1.00e-32 1.00e-32 1.00e-32 1.00e-32 1.00e-32 1.00e-32 1.00e-32 1.00e-32 1.00e-32 1.00e-32 1.00e-32 1.00e-32 1.00e-32 1.00e-32 1.00e-32 1.00e-32 1.00e-32 1.00e-32 1.00e-32 1.00e-32 1.00e-32 1.00e-32 1.00e-32 1.00e-32 1.00e-32 1.00e-32 1.00e-32 1.00e-32 1.00e-32 1.00e-32 1.00e-32 1.00e-32 1.00e-32 1.00e-32 1.00e-32
1.00e-32 1.00e-32 1.00e-32 1.00e-32 1.00e-32 1.00e-32 1.00e-32 1.00e-32 1.00e-32 1.00e-32 1.00e-32 1.00e-32 1.00e-32 1.00e-32 1.00e-32 1.00e-32 1.00e-32 1.00e-32 1.00e-32 1.00e-32 1.00e-32 1.00e-32 1.00e-32 1.00e-32 1.00e-32 1.00e-32 1.00e-32 1.00e-32 1.00e-32 1.00e-32 1.00e-32 1.00e-32 1.00e-32 1.00e-32 1.00e-32 1.00e-32 1.00e-32 1.00e-32 1.00e-32 1.00e-32 1.00e-32 1.00e-32 1.00e-32 1.00e-32 1.00e-32 1.00e-32 1.00e-32 1.00e-32 1.00e-32 1.00e-32 1.00e-32 1.00e-32 1.00e-32 1.00e-32 1.00e-32 1.00e-32 1.00e-32 1.00e-32 1.00e-32 1.00e-32 1.00e-32 1.00e-32
1.00e-32 1.00e-32 1.00e-32 1.00e-32 1.00e-32 1.00e-32 1.00e-32 1.00e-32 1.00e-32 1.00e-32 1.00e-32 1.00e-32 1.00e-32 1.00e-32 1.00e-32 1.00e-32 1.00e-32 1.00e-32 1.00e-32 1.00e-32 1.00e-32 1.00e-32 1.00e-32 1.00e-32 1.00e-32 1.00e-32 1.00e-32 1.00e-32 1.00e-32 1.00e-32 1.00e-32 1.00e-32 1.00e-32 1.00e-32 1.00e-32 1.00e-32 1.00e-32 1.00e-32 1.00e-32 1.00e-32 1.00e-32 1.00e-32 1.00e-32 1.00e-32 1.00e-32 1.00e-32 1.00e-32 1.00e-32 1.00e-32 1.00e-32 1.00e-32 1.00e-32 1.00e-32 1.00e-32 1.00e-32 1.00e-32 1.00e-32 1.00e-32 1.00e-32 1.00e-32 1.00e-32 1.00e-32
1.00e-32 1.00e-32 1.00e-32 1.00e-32 1.00e-32 1.00e-32 1.00e-32 1.00e-32 1.00e-32 1.00e-32 1.00e-32 1.00e-32 1.00e-32 1.00e-32 1.00e-32 1.00e-32 1.00e-32 1.00e-32 1.00e-32 1.00e-32 1.00e-32 1.00e-32 1.00e-32 1.00e-32 1.00e-32 1.00e-32 1.00e-32 1.00e-32 1.00e-32 1.00e-32 1.00e-32 1.00e-32 1.00e-32 1.00e-32 1.00e-32 1.00e-32 1.00e-32 1.00e-32 1.00e-32 1.00e-32 1.00e-32 1.00e-32 1.00e-32 1.00e-32 1.00e-32 1.00e-32 1.00e-32 1.00e-32 1.00e-32 1.00e-32 1.00e-32 1.00e-32 1.00e-32 1.00e-32 1.00e-32 1.00e-32 1.00e-32 1.00e-32 1.00e-32 1.00e-32 1.00e-32 1.00e-32
1.00e-32 1.00e-32 1.00e-32 1.00e-32 1.00e-32 1.00e-32 1.00e-32 1.00e-32 1.00e-32 1.00e-32 1.00e-32 1.00e-32 1.00e-32 1.00e-32 1.00e-32 1.00e-32 1.00e-32 1.00e-32 1.00e-32 1.00e-32 1.00e-32 1.00e-32 1.00e-32 1.00e-32 1.00e-32 1.00e-32 1.00e-32 1.00e-32 1.00e-32 1.00e-32 1.00e-32 1.00e-32 1.00e-32 1.00e-32 1.00e-32 1.00e-32 1.00e-32 1.00e-32 1.00e-32 1.00e-32 1.00e-32 1.00e-32 1.00e-32 1.00e-32 1.00e-32 1.00e-32 1.00e-32 1.00e-32 1.00e-32 1.00e-32 1.00e-32 1.00e-32 1.00e-32 1.00e-32 1.00e-32 1.00e-32 1.00e-32 1.00e-32 1.00e-32 1.00e-32 1.00e-32 1.00e-32
1.00e-32 1.00e-32 1.00e-32 1.00e-32 1.00e-32 1.00e-32 1.00e-32 1.00e-32 1.00e-32 1.00e-32 1.00e-32 1.00e-32 1.00e-32 1.00e-32 1.00e-32 1.00e-32 1.00e-32 1.00e-32 1.00e-32 1.00e-32 1.00e-32 1.00e-32 1.00e-32 1.00e-32 1.00e-32 1.00e-32 1.00e-32 1.00e-32 1.00e-32 1.00e-32 1.00e-32 1.00e-32 1.00e-32 1.00e-32 1.00e-32 1.00e-32 1.00e-32 1.00e-32 1.00e-32 1.00e-32 1.00e-32 1.00e-32 1.00e-32 1.00e-32 1.00e-32 1.00e-32 1.00e-32 1.00e-32 1.00e-32 1.00e-32 1.00e-32 1.00e-32 1.00e-32 1.00e-32 1.00e-32 1.00e-32 1.00e-32 1.00e-32 1.00e-32 1.00e-32 1.00e-32 1.00e-32
1.00e-32 1.00e-32 1.00e-32 1.00e-32 1.00e-32 1.00e-32 1.00e-32 1.00e-32 1.00e-32 1.00e-32 1.00e-32 1.00e-32 1.00e-32 1.00e-32 1.00e-32 1.00e-32 1.00e-32 1.00e-32 1.00e-32 1.00e-32 1.00e-32 1.00e-32 1.00e-32 1.00e-32 1.00e-32 1.00e-32 1.00e-32 1.00e-32 1.00e-32 1.00e-32 1.00e-32 1.00e-32 1.00e-32 1.00e-32 1.00e-32 1.00e-32 1.00e-32 1.00e-32 1.00e-32 1.00e-32 1.00e-32 1.00e-32 1.00e-32 1.00e-32 1.00e-32 1.00e-32 1.00e-32 1.00e-32 1.00e-32 1.00e-32 1.00e-32 1.00e-32 1.00e-32 1.00e-32 1.00e-32 1.00e-32 1.00e-32 1.00e-32 1.00e-32 1.00e-32 1.00e-32 1.00e-32
1.00e-32 1.00e-32 1.00e-32 1.00e-32 1.00e-32 1.00e-32 1.00e-32 1.00e-32 1.00e-32 1.00e-32 1.00e-32 1.00e-32 1.00e-32 1.00e-32 1.00e-32 1.00e-32 1.00e-32 1.00e-32 1.00e-32 1.00e-32 1.00e-32 1.00e-32 1.00e-32 1.00e-32 1.00e-32 1.00e-32 1.00e-32 1.00e-32 1.00e-32 1.00e-32 1.00e-32 1.00e-32 1.00e-32 1.00e-32 1.00e-32 1.00e-32 1.00e-32 1.00e-32 1.00e-32 1.00e-32 1.00e-32 1.00e-32 1.00e-32 1.00e-32 1.00e-32 1.00e-32 1.00e-32 1.00e-32 1.00e-32 1.00e-32 1.00e-32 1.00e-32 1.00e-32 1.00e-32 1.00e-32 1.00e-32 1.00e-32 1.00e-32 1.00e-32 1.00e-32 1.00e-32 1.00e-32
1.00e-32 1.00e-32 1.00e-32 1.00e-32 1.00e-32 1.00e-32 1.00e-32 1.00e-32 1.00e-32 1.00e-32 1.00e-32 1.00e-32 1.00e-32 1.00e-32 1.00e-32 1.00e-32 1.00e-32 1.00e-32 1.00e-32 1.00e-32 1.00e-32 1.00e-32 1.00e-32 1.00e-32 1.00e-32 1.00e-32 1.00e-32 1.00e-32 1.00e-32 1.00e-32 1.00e-32 1.00e-32 1.00e-32 1.00e-32 1.00e-32 1.00e-32 1.00e-32 1.00e-32 1.00e-32 1.00e-32 1.00e-32 1.00e-32 1.00e-32 1.00e-32 1.00e-32 1.00e-32 1.00e-32 1.00e-32 1.00e-32 1.00e-32 1.00e-32 1.00e-32 1.00e-32 1.00e-32 1.00e-32 1.00e-32 1.00e-32 1.00e-32 1.00e-32 1.00e-32 1.00e-32 1.00e-32
1.00e-32 1.00e-32 1.00e-32 1.00e-32 1.00e-32 1.00e-32 1.00e-32 1.00e-32 1.00e-32 1.00e-32 1.00e-32 1.00e-32 1.00e-32 1.00e-32 1.00e-32 1.00e-32 1.00e-32 1.00e-32 1.00e-32 1.00e-32 1.00e-32 1.00e-32 1.00e-32 1.00e-32 1.00e-32 1.00e-32 1.00e-32 1.00e-32 1.00e-32 1.00e-32 1.00e-32 1.00e-32 1.00e-32 1.00e-32 1.00e-32 1.00e-32 1.00e-32 1.00e-32 1.00e-32 1.00e-32 1.00e-32 1.00e-32 1.00e-32 1.00e-32 1.00e-32 1.00e-32 1.00e-32 1.00e-32 1.00e-32 1.00e-32 1.00e-32 1.00e-32 1.00e-32 1.00e-32 1.00e-32 1.00e-32 1.00e-32 1.00e-32 1.00e-32 1.00e-32 1.00e-32 1.00e-32
1.00e-32 1.00e-32 1.00e-32 1.00e-32 1.00e-32 1.00e-32 1.00e-32 1.00e-32 1.00e-32 1.00e-32 1.00e-32 1.00e-32 1.00e-32 1.00e-32 1.00e-32 1.00e-32 1.00e-32 1.00e-32 1.00e-32 1.00e-32 1.00e-32 1.00e-32 1.00e-32 1.00e-32 1.00e-32 1.00e-32 1.00e-32 1.00e-32 1.00e-32 1.00e-32 1.00e-32 1.00e-32 1.00e-32 1.00e-32 1.00e-32 1.00e-32 1.00e-32 1.00e-32 1.00e-32 1.00e-32 1.00e-32 1.00e-32 1.00e-32 1.00e-32 1.00e-32 1.00e-32 1.00e-32 1.00e-32 1.00e-32 1.00e-32 1.00e-32 1.00e-32 1.00e-32 1.00e-32 1.00e-32 1.00e-32 1.00e-32 1.00e-32 1.00e-32 1.00e-32 1.00e-32 1.00e-32
1.00e-32 1.00e-32 1.00e-32 1.00e-32 1.00e-32 1.00e-32 1.00e-32 1.00e-32 1.00e-32 1.00e-32 1.00e-32 1.00e-32 1.00e-32 1.00e-32 1.00e-32 1.00e-32 1.00e-32 1.00e-32 1.00e-32 1.00e-32 1.00e-32 1.00e-32 1.00e-32 1.00e-32 1.00e-32 1.00e-32 1.00e-32 1.00e-32 1.00e-32 1.00e-32 1.00e-32 1.00e-32 1.00e-32 1.00e-32 1.00e-32 1.00e-32 1.00e-32 1.00e-32 1.00e-32 1.00e-32 1.00e-32 1.00e-32 1.00e-32 1.00e-32 1.00e-32 1.00e-32 1.00e-32 1.00e-32 1.00e-32 1.00e-32 1.00e-32 1.00e-32 1.00e-32 1.00e-32 1.00e-32 1.00e-32 1.00e-32 1.00e-32 1.00e-32 1.00e-32 1.00e-32 1.00e-32
1.00e-32 1.00e-32 1.00e-32 1.00e-32 1.00e-32 1.00e-32 1.00e-32 1.00e-32 1.00e-32 1.00e-32 1.00e-32 1.00e-32 1.00e-32 1.00e-32 1.00e-32 1.00e-32 1.00e-32 1.00e-32 1.00e-32 1.00e-32 1.00e-32 1.00e-32 1.00e-32 1.00e-32 1.00e-32 1.00e-32 1.00e-32 1.00e-32 1.00e-32 1.00e-32 1.00e-32 1.00e-32 1.00e-32 1.00e-32 1.00e-32 1.00e-32 1.00e-32 1.00e-32 1.00e-32 1.00e-32 1.00e-32 1.00e-32 1.00e-32 1.00e-32 1.00e-32 1.00e-32 1.00e-32 1.00e-32 1.00e-32 1.00e-32 1.00e-32 1.00e-32 1.00e-32 1.00e-32 1.00e-32 1.00e-32 1.00e-32 1.00e-32 1.00e-32 1.00e-32 1.00e-32 1.00e-32
1.00e-32 1.00e-32 1.00e-32 1.00e-32 1.00e-32 1.00e-32 1.00e-32 1.00e-32 1.00e-32 1.00e-32 1.00e-32 1.00e-32 1.00e-32 1.00e-32 1.00e-32 1.00e-32 1.00e-32 1.00e-32 1.00e-32 1.00e-32 1.00e-32 1.00e-32 1.00e-32 1.00e-32 1.00e-32 1.00e-32 1.00e-32 1.00e-32 1.00e-32 1.00e-32 1.00e-32 1.00e-32 1.00e-32 1.00e-32 1.00e-32 1.00e-32 1.00e-32 1.00e-32 1.00e-32 1.00e-32 1.00e-32 1.00e-32 1.00e-32 1.00e-32 1.00e-32 1.00e-32 1.00e-32 1.00e-32 1.00e-32 1.00e-32 1.00e-32 1.00e-32 1.00e-32 1.00e-32 1.00e-32 1.00e-32 1.00e-32 1.00e-32 1.00e-32 1.00e-32 1.00e-32 1.00e-32
1.00e-32 1.00e-32 1.00e-32 1.00e-32 1.00e-32 1.00e-32 1.00e-32 1.00e-32 1.00e-32 1.00e-32 1.00e-32 1.00e-32 1.00e-32 1.00e-32 1.00e-32 1.00e-32 1.00e-32 1.00e-32 1.00e-32 1.00e-32 1.00e-32 1.00e-32 1.00e-32 1.00e-32 1.00e-32 1.00e-32 1.00e-32 1.00e-32 1.00e-32 1.00e-32 1.00e-32 1.00e-32 1.00e-32 1.00e-32 1.00e-32 1.00e-32 1.00e-32 1.00e-32 1.00e-32 1.00e-32 1.00e-32 1.00e-32 1.00e-32 1.00e-32 1.00e-32 1.00e-32 1.00e-32 1.00e-32 1.00e-32 1.00e-32 1.00e-32 1.00e-32 1.00e-32 1.00e-32 1.00e-32 1.00e-32 1.00e-32 1.00e-32 1.00e-32 1.00e-32 1.00e-32 1.00e-32
1.00e-32 1.00e-32 1.00e-32 1.00e-32 1.00e-32 1.00e-32 1.00e-32 1.00e-32 1.00e-32 1.00e-32 1.00e-32 1.00e-32 1.00e-32 1.00e-32 1.00e-32 1.00e-32 1.00e-32 1.00e-32 1.00e-32 1.00e-32 1.00e-32 1.00e-32 1.00e-32 1.00e-32 1.00e-32 1.00e-32 1.00e-32 1.00e-32 1.00e-32 1.00e-32 1.00e-32 1.00e-32 1.00e-32 1.00e-32 1.00e-32 1.00e-32 1.00e-32 1.00e-32 1.00e-32 1.00e-32 1.00e-32 1.00e-32 1.00e-32 1.00e-32 1.00e-32 1.00e-32 1.00e-32 1.00e-32 1.00e-32 1.00e-32 1.00e-32 1.00e-32 1.00e-32 1.00e-32 1.00e-32 1.00e-32 1.00e-32 1.00e-32 1.00e-32 1.00e-32 1.00e-32 1.00e-32
1.00e-32 1.00e-32 1.00e-32 1.00e-32 1.00e-32 1.00e-32 1.00e-32 1.00e-32 1.00e-32 1.00e-32 1.00e-32 1.00e-32 1.00e-32 1.00e-32 1.00e-32 1.00e-32 1.00e-32 1.00e-32 1.00e-32 1.00e-32 1.00e-32 1.00e-32 1.00e-32 1.00e-32 1.00e-32 1.00e-32 1.00e-32 1.00e-32 1.00e-32 1.00e-32 1.00e-32 1.00e-32 1.00e-32 1.00e-32 1.00e-32 1.00e-32 1.00e-32 1.00e-32 1.00e-32 1.00e-32 1.00e-32 1.00e-32 1.00e-32 1.00e-32 1.00e-32 1.00e-32 1.00e-32 1.00e-32 1.00e-32 1.00e-32 1.00e-32 1.00e-32 1.00e-32 1.00e-32 1.00e-32 1.00e-32 1.00e-32 1.00e-32 1.00e-32 1.00e-32 1.00e-32 1.00e-32
1.00e-32 1.00e-32 1.00e-32 1.00e-32 1.00e-32 1.00e-32 1.00e-32 1.00e-32 1.00e-32 1.00e-32 1.00e-32 1.00e-32 1.00e-32 1.00e-32 1.00e-32 1.00e-32 1.00e-32 1.00e-32 1.00e-32 1.00e-32 1.00e-32 1.00e-32 1.00e-32 1.00e-32 1.00e-32 1.00e-32 1.00e-32 1.00e-32 1.00e-32 1.00e-32 1.00e-32 1.00e-32 1.00e-32 1.00e-32 1.00e-32 1.00e-32 1.00e-32 1.00e-32 1.00e-32 1.00e-32 1.00e-32 1.00e-32 1.00e-32 1.00e-32 1.00e-32 1.00e-32 1.00e-32 1.00e-32 1.00e-32 1.00e-32 1.00e-32 1.00e-32 1.00e-32 1.00e-32 1.00e-32 1.00e-32 1.00e-32 1.00e-32 1.00e-32 1.00e-32 1.00e-32 1.00e-32
1.00e-32 1.00e-32 1.00e-32 1.00e-32 1.00e-32 1.00e-32 1.00e-32 1.00e-32 1.00e-32 1.00e-32 1.00e-32 1.00e-32 1.00e-32 1.00e-32 1.00e-32 1.00e-32 1.00e-32 1.00e-32 1.00e-32 1.00e-32 1.00e-32 1.00e-32 1.00e-32 1.00e-32 1.00e-32 1.00e-32 1.00e-32 1.00e-32 1.00e-32 1.00e-32 1.00e-32 1.00e-32 1.00e-32 1.00e-32 1.00e-32 1.00e-32 1.00e-32 1.00e-32 1.00e-32 1.00e-32 1.00e-32 1.00e-32 1.00e-32 1.00e-32 1.00e-32 1.00e-32 1.00e-32 1.00e-32 1.00e-32 1.00e-32 1.00e-32 1.00e-32 1.00e-32 1.00e-32 1.00e-32 1.00e-32 1.00e-32 1.00e-32 1.00e-32 1.00e-32 1.00e-32 1.00e-32
1.00e-32 1.00e-32 1.00e-32 1.00e-32 1.00e-32 1.00e-32 1.00e-32 1.00e-32 1.00e-32 1.00e-32 1.00e-32 1.00e-32 1.00e-32 1.00e-32 1.00e-32 1.00e-32 1.00e-32 1.00e-32 1.00e-32 1.00e-32 1.00e-32 1.00e-32 1.00e-32 1.00e-32 1.00e-32 1.00e-32 1.00e-32 1.00e-32 1.00e-32 1.00e-32 1.00e-32 1.00e-32 1.00e-32 1.00e-32 1.00e-32 1.00e-32 1.00e-32 1.00e-32 1.00e-32 1.00e-32 1.00e-32 1.00e-32 1.00e-32 1.00e-32 1.00e-32 1.00e-32 1.00e-32 1.00e-32 1.00e-32 1.00e-32 1.00e-32 1.00e-32 1.00e-32 1.00e-32 1.00e-32 1.00e-32 1.00e-32 1.00e-32 1.00e-32 1.00e-32 1.00e-32 1.00e-32
1.00e-32 1.00e-32 1.00e-32 1.00e-32 1.00e-32 1.00e-32 1.00e-32 1.00e-32 1.00e-32 1.00e-32 1.00e-32 1.00e-32 1.00e-32 1.00e-32 1.00e-32 1.00e-32 1.00e-32 1.00e-32 1.00e-32 1.00e-32 1.00e-32 1.00e-32 1.00e-32 1.00e-32 1.00e-32 1.00e-32 1.00e-32 1.00e-32 1.00e-32 1.00e-32 1.00e-32 1.00e-32 1.00e-32 1.00e-32 1.00e-32 1.00e-32 1.00e-32 1.00e-32 1.00e-32 1.00e-32 1.00e-32 1.00e-32 1.00e-32 1.00e-32 1.00e-32 1.00e-32 1.00e-32 1.00e-32 1.00e-32 1.00e-32 1.00e-32 1.00e-32 1.00e-32 1.00e-32 1.00e-32 1.00e-32 1.00e-32 1.00e-32 1.00e-32 1.00e-32 1.00e-32 1.00e-32
1.00e-32 1.00e-32 1.00e-32 1.00e-32 1.00e-32 1.00e-32 1.00e-32 1.00e-32 1.00e-32 1.00e-32 1.00e-32 1.00e-32 1.00e-32 1.00e-32 1.00e-32 1.00e-32 1.00e-32 1.00e-32 1.00e-32 1.00e-32 1.00e-32 1.00e-32 1.00e-32 1.00e-32 1.00e-32 1.00e-32 1.00e-32 1.00e-32 1.00e-32 1.00e-32 1.00e-32 1.00e-32 1.00e-32 1.00e-32 1.00e-32 1.00e-32 1.00e-32 1.00e-32 1.00e-32 1.00e-32 1.00e-32 1.00e-32 1.00e-32 1.00e-32 1.00e-32 1.00e-32 1.00e-32 1.00e-32 1.00e-32 1.00e-32 1.00e-32 1.00e-32 1.00e-32 1.00e-32 1.00e-32 1.00e-32 1.00e-32 1.00e-32 1.00e-32 1.00e-32 1.00e-32 1.00e-32
1.00e-32 1.00e-32 1.00e-32 1.00e-32 1.00e-32 1.00e-32 1.00e-32 1.00e-32 1.00e-32 1.00e-32 1.00e-32 1.00e-32 1.00e-32 1.00e-32 1.00e-32 1.00e-32 1.00e-32 1.00e-32 1.00e-32 1.00e-32 1.00e-32 1.00e-32 1.00e-32 1.00e-32 1.00e-32 1.00e-32 1.00e-32 1.00e-32 1.00e-32 1.00e-32 1.00e-32 1.00e-32 1.00e-32 1.00e-32 1.00e-32 1.00e-32 1.00e-32 1.00e-32 1.00e-32 1.00e-32 1.00e-32 1.00e-32 1.00e-32 1.00e-32 1.00e-32 1.00e-32 1.00e-32 1.00e-32 1.00e-32 1.00e-32 1.00e-32 1.00e-32 1.00e-32 1.00e-32 1.00e-32 1.00e-32 1.00e-32 1.00e-32 1.00e-32 1.00e-32 1.00e-32 1.00e-32
1.00e-32 1.00e-32 1.00e-32 1.00e-32 1.00e-32 1.00e-32 1.00e-32 1.00e-32 1.00e-32 1.00e-32 1.00e-32 1.00e-32 1.00e-32 1.00e-32 1.00e-32 1.00e-32 1.00e-32 1.00e-32 1.00e-32 1.00e-32 1.00e-32 1.00e-32 1.00e-32 1.00e-32 1.00e-32 1.00e-32 1.00e-32 1.00e-32 1.00e-32 1.00e-32 1.00e-32 1.00e-32 1.00e-32 1.00e-32 1.00e-32 1.00e-32 1.00e-32 1.00e-32 1.00e-32 1.00e-32 1.00e-32 1.00e-32 1.00e-32 1.00e-32 1.00e-32 1.00e-32 1.00e-32 1.00e-32 1.00e-32 1.00e-32 1.00e-32 1.00e-32 1.00e-32 1.00e-32 1.00e-32 1.00e-32 1.00e-32 1.00e-32 1.00e-32 1.00e-32 1.00e-32 1.00e-32
1.00e-32 1.00e-32 1.00e-32 1.00e-32 1.00e-32 1.00e-32 1.00e-32 1.00e-32 1.00e-32 1.00e-32 1.00e-32 1.00e-32 1.00e-32 1.00e-32 1.00e-32 1.00e-32 1.00e-32 1.00e-32 1.00e-32 1.00e-32 1.00e-32 1.00e-32 1.00e-32 1.00e-32 1.00e-32 1.00e-32 1.00e-32 1.00e-32 1.00e-32 1.00e-32 1.00e-32 1.00e-32 1.00e-32 1.00e-32 1.00e-32 1.00e-32 1.00e-32 1.00e-32 1.00e-32 1.00e-32 1.00e-32 1.00e-32 1.00e-32 1.00e-32 1.00e-32 1.00e-32 1.00e-32 1.00e-32 1.00e-32 1.00e-32 1.00e-32 1.00e-32 1.00e-32 1.00e-32 1.00e-32 1.00e-32 1.00e-32 1.00e-32 1.00e-32 1.00e-32 1.00e-32 1.00e-32
1.00e-32 1.00e-32 1.00e-32 1.00e-32 1.00e-32 1.00e-32 1.00e-32 1.00e-32 1.00e-32 1.00e-32 1.00e-32 1.00e-32 1.00e-32 1.00e-32 1.00e-32 1.00e-32 1.00e-32 1.00e-32 1.00e-32 1.00e-32 1.00e-32 1.00e-32 1.00e-32 1.00e-32 1.00e-32 1.00e-32 1.00e-32 1.00e-32 1.00e-32 1.00e-32 1.00e-32 1.00e-32 1.00e-32 1.00e-32 1.00e-32 1.00e-32 1.00e-32 1.00e-32 1.00e-32 1.00e-32 1.00e-32 1.00e-32 1.00e-32 1.00e-32 1.00e-32 1.00e-32 1.00e-32 1.00e-32 1.00e-32 1.00e-32 1.00e-32 1.00e-32 1.00e-32 1.00e-32 1.00e-32 1.00e-32 1.00e-32 1.00e-32 1.00e-32 1.00e-32 1.00e-32 1.00e-32
1.00e-32 1.00e-32 1.00e-32 1.00e-32 1.00e-32 1.00e-32 1.00e-32 1.00e-32 1.00e-32 1.00e-32 1.00e-32 1.00e-32 1.00e-32 1.00e-32 1.00e-32 1.00e-32 1.00e-32 1.00e-32 1.00e-32 1.00e-32 1.00e-32 1.00e-32 1.00e-32 1.00e-32 1.00e-32 1.00e-32 1.00e-32 1.00e-32 1.00e-32 1.00e-32 1.00e-32 1.00e-32 1.00e-32 1.00e-32 1.00e-32 1.00e-32 1.00e-32 1.00e-32 1.00e-32 1.00e-32 1.00e-32 1.00e-32 1.00e-32 1.00e-32 1.00e-32 1.00e-32 1.00e-32 1.00e-32 1.00e-32 1.00e-32 1.00e-32 1.00e-32 1.00e-32 1.00e-32 1.00e-32 1.00e-32 1.00e-32 1.00e-32 1.00e-32 1.00e-32 1.00e-32 1.00e-32
1.00e-32 1.00e-32 1.00e-32 1.00e-32 1.00e-32 1.00e-32 1.00e-32 1.00e-32 1.00e-32 1.00e-32 1.00e-32 1.00e-32 1.00e-32 1.00e-32 1.00e-32 1.00e-32 1.00e-32 1.00e-32 1.00e-32 1.00e-32 1.00e-32 1.00e-32 1.00e-32 1.00e-32 1.00e-32 1.00e-32 1.00e-32 1.00e-32 1.00e-32 1.00e-32 1.00e-32 1.00e-32 1.00e-32 1.00e-32 1.00e-32 1.00e-32 1.00e-32 1.00e-32 1.00e-32 1.00e-32 1.00e-32 1.00e-32 1.00e-32 1.00e-32 1.00e-32 1.00e-32 1.00e-32 1.00e-32 1.00e-32 1.00e-32 1.00e-32 1.00e-32 1.00e-32 1.00e-32 1.00e-32 1.00e-32 1.00e-32 1.00e-32 1.00e-32 1.00e-32 1.00e-32 1.00e-32
1.61e+00 1.61e+00 1.61e+00 1.61e+00 1.61e+00 1.61e+00 1.61e+00 1.61e+00 1.61e+00 1.61e+00 1.61e+00 1.61e+00 1.61e+00 1.61e+00 1.61e+00 1.61e+00 1.61e+00 1.61e+00 1.61e+00 1.61e+00 1.61e+00 1.61e+00 1.61e+00 1.61e+00 1.61e+00 1.61e+00 1.61e+00 1.61e+00 1.61e+00 1.61e+00 1.61e+00 1.61e+00 1.61e+00 1.61e+00 1.61e+00 1.61e+00 1.61e+00 1.61e+00 1.61e+00 1.61e+00 1.61e+00 1.61e+00 1.61e+00 1.61e+00 1.61e+00 1.61e+00 1.61e+00 1.61e+00 1.61e+00 1.61e+00 1.61e+00 1.61e+00 1.61e+00 1.61e+00 1.61e+00 1.61e+00 1.61e+00 1.61e+00 1.61e+00 1.61e+00 1.61e+00 1.61e+00
1.61e+00 1.61e+00 1.61e+00 1.61e+00 1.61e+00 1.61e+00 1.61e+00 1.61e+00 1.61e+00 1.61e+00 1.61e+00 1.61e+00 1.61e+00 1.61e+00 1.61e+00 1.61e+00 1.61e+00 1.61e+00 1.61e+00 1.61e+00 1.61e+00 1.61e+00 1.61e+00 1.61e+00 1.61e+00 1.61e+00 1.61e+00 1.61e+00 1.61e+00 1.61e+00 1.61e+00 1.61e+00 1.61e+00 1.61e+00 1.61e+00 1.61e+00 1.61e+00 1.61e+00 1.61e+00 1.61e+00 1.61e+00 1.61e+00 1.61e+00 1.61e+00 1.61e+00 1.61e+00 1.61e+00 1.61e+00 1.61e+00 1.61e+00 1.61e+00 1.61e+00 1.61e+00 1.61e+00 1.61e+00 1.61e+00 1.61e+00 1.61e+00 1.61e+00 1.61e+00 1.61e+00 1.61e+00
1.61e+00 1.61e+00 1.61e+00 1.61e+00 1.61e+00 1.61e+00 1.61e+00 1.61e+00 1.61e+00 1.61e+00 1.61e+00 1.61e+00 1.61e+00 1.61e+00 1.61e+00 1.61e+00 1.61e+00 1.61e+00 1.61e+00 1.61e+00 1.61e+00 1.61e+00 1.61e+00 1.61e+00 1.61e+00 1.61e+00 1.61e+00 1.61e+00 1.61e+00 1.61e+00 1.61e+00 1.61e+00 1.61e+00 1.61e+00 1.61e+00 1.61e+00 1.61e+00 1.61e+00 1.61e+00 1.61e+00 1.61e+00 1.61e+00 1.61e+00 1.61e+00 1.61e+00 1.61e+00 1.61e+00 1.61e+00 1.61e+00 1.61e+00 1.61e+00 1.61e+00 1.61e+00 1.61e+00 1.61e+00 1.61e+00 1.61e+00 1.61e+00 1.61e+00 1.61e+00 1.61e+00 1.61e+00
1.61e+00 1.61e+00 1.61e+00 1.61e+00 1.61e+00 1.61e+00 1.61e+00 1.61e+00 1.61e+00 1.61e+00 1.61e+00 1.61e+00 1.61e+00 1.61e+00 1.61e+00 1.61e+00 1.61e+00 1.61e+00 1.61e+00 1.61e+00 1.61e+00 1.61e+00 1.61e+00 1.61e+00 1.61e+00 1.61e+00 1.61e+00 1.61e+00 1.61e+00 1.61e+00 1.61e+00 1.61e+00 1.61e+00 1.61e+00 1.61e+00 1.61e+00 1.61e+00 1.61e+00 1.61e+00 1.61e+00 1.61e+00 1.61e+00 1.61e+00 1.61e+00 1.61e+00 1.61e+00 1.61e+00 1.61e+00 1.61e+00 1.61e+00 1.61e+00 1.61e+00 1.61e+00 1.61e+00 1.61e+00 1.61e+00 1.61e+00 1.61e+00 1.61e+00 1.61e+00 1.61e+00 1.61e+00
1.61e+00 1.61e+00 1.61e+00 1.61e+00 1.61e+00 1.61e+00 1.61e+00 1.61e+00 1.61e+00 1.61e+00 1.61e+00 1.61e+00 1.61e+00 1.61e+00 1.61e+00 1.61e+00 1.61e+00 1.61e+00 1.61e+00 1.61e+00 1.61e+00 1.61e+00 1.61e+00 1.61e+00 1.61e+00 1.61e+00 1.61e+00 1.61e+00 1.61e+00 1.61e+00 1.61e+00 1.61e+00 1.61e+00 1.61e+00 1.61e+00 1.61e+00 1.61e+00 1.61e+00 1.61e+00 1.61e+00 1.61e+00 1.61e+00 1.61e+00 1.61e+00 1.61e+00 1.61e+00 1.61e+00 1.61e+00 1.61e+00 1.61e+00 1.61e+00 1.61e+00 1.61e+00 1.61e+00 1.61e+00 1.61e+00 1.61e+00 1.61e+00 1.61e+00 1.61e+00 1.61e+00 1.61e+00
1.61e+00 1.61e+00 1.61e+00 1.61e+00 1.61e+00 1.61e+00 1.61e+00 1.61e+00 1.61e+00 1.61e+00 1.61e+00 1.61e+00 1.61e+00 1.61e+00 1.61e+00 1.61e+00 1.61e+00 1.61e+00 1.61e+00 1.61e+00 1.61e+00 1.61e+00 1.61e+00 1.61e+00 1.61e+00 1.61e+00 1.61e+00 1.61e+00 1.61e+00 1.61e+00 1.61e+00 1.61e+00 1.61e+00 1.61e+00 1.61e+00 1.61e+00 1.61e+00 1.61e+00 1.61e+00 1.61e+00 1.61e+00 1.61e+00 1.61e+00 1.61e+00 1.61e+00 1.61e+00 1.61e+00 1.61e+00 1.61e+00 1.61e+00 1.61e+00 1.61e+00 1.61e+00 1.61e+00 1.61e+00 1.61e+00 1.61e+00 1.61e+00 1.61e+00 1.61e+00 1.61e+00 1.61e+00
1.61e+00 1.61e+00 1.61e+00 1.61e+00 1.61e+00 1.61e+00 1.61e+00 1.61e+00 1.61e+00 1.61e+00 1.61e+00 1.61e+00 1.61e+00 1.61e+00 1.61e+00 1.61e+00 1.61e+00 1.61e+00 1.61e+00 1.61e+00 1.61e+00 1.61e+00 1.61e+00 1.61e+00 1.61e+00 1.61e+00 1.61e+00 1.61e+00 1.61e+00 1.61e+00 1.61e+00 1.61e+00 1.61e+00 1.61e+00 1.61e+00 1.61e+00 1.61e+00 1.61e+00 1.61e+00 1.61e+00 1.61e+00 1.61e+00 1.61e+00 1.61e+00 1.61e+00 1.61e+00 1.61e+00 1.61e+00 1.61e+00 1.61e+00 1.61e+00 1.61e+00 1.61e+00 1.61e+00 1.61e+00 1.61e+00 1.61e+00 1.61e+00 1.61e+00 1.61e+00 1.61e+00 1.61e+00
1.61e+00 1.61e+00 1.61e+00 1.61e+00 1.61e+00 1.61e+00 1.61e+00 1.61e+00 1.61e+00 1.61e+00 1.61e+00 1.61e+00 1.61e+00 1.61e+00 1.61e+00 1.61e+00 1.61e+00 1.61e+00 1.61e+00 1.61e+00 1.61e+00 1.61e+00 1.61e+00 1.61e+00 1.61e+00 1.61e+00 1.61e+00 1.61e+00 1.61e+00 1.61e+00 1.61e+00 1.61e+00 1.61e+00 1.61e+00 1.61e+00 1.61e+00 1.61e+00 1.61e+00 1.61e+00 1.61e+00 1.61e+00 1.61e+00 1.61e+00 1.61e+00 1.61e+00 1.61e+00 1.61e+00 1.61e+00 1.61e+00 1.61e+00 1.61e+00 1.61e+00 1.61e+00 1.61e+00 1.61e+00 1.61e+00 1.61e+00 1.61e+00 1.61e+00 1.61e+00 1.61e+00 1.61e+00
5.17e-01 1.61e+00 1.61e+00 1.61e+00 1.61e+00 1.61e+00 1.61e+00 1.61e+00 1.61e+00 1.61e+00 1.61e+00 1.61e+00 1.61e+00 1.61e+00 1.61e+00 1.61e+00 1.61e+00 1.61e+00 1.61e+00 1.61e+00 1.61e+00 1.61e+00 1.61e+00 1.61e+00 1.61e+00 1.61e+00 1.61e+00 1.61e+00 1.61e+00 1.61e+00 1.61e+00 1.61e+00 1.61e+00 1.61e+00 1.61e+00 1.61e+00 1.61e+00 1.61e+00 1.61e+00 1.61e+00 1.61e+00 1.61e+00 1.61e+00 1.61e+00 1.61e+00 1.61e+00 1.61e+00 1.61e+00 1.61e+00 1.61e+00 1.61e+00 1.61e+00 1.61e+00 1.61e+00 1.61e+00 1.61e+00 1.61e+00 1.61e+00 1.61e+00 2.68e+00 2.68e+00 2.68e+00
5.17e-01 5.17e-01 5.17e-01 5.17e-01 5.17e-01 1.61e+00 1.61e+00 1.61e+00 1.61e+00 1.61e+00 1.61e+00 1.61e+00 1.61e+00 1.61e+00 1.61e+00 1.61e+00 1.61e+00 1.61e+00 1.61e+00 1.61e+00 1.61e+00 1.61e+00 1.61e+00 1.61e+00 1.61e+00 1.61e+00 1.61e+00 1.61e+00 1.61e+00 1.61e+00 1.61e+00 1.61e+00 1.61e+00 1.61e+00 1.61e+00 1.61e+00 1.61e+00 1.61e+00 1.61e+00 1.61e+00 1.61e+00 1.61e+00 1.61e+00 1.61e+00 1.61e+00 1.61e+00 1.61e+00 1.61e+00 1.61e+00 1.61e+00 1.61e+00 1.61e+00 1.61e+00 1.61e+00 1.61e+00 1.61e+00 2.68e+00 2.68e+00 2.68e+00 2.68e+00 2.68e+00 2.68e+00
5.17e-01 5.17e-01 5.17e-01 5.17e-01 5.17e-01 5.17e-01 5.17e-01 5.17e-01 5.17e-01 5.17e-01 1.61e+00 1.61e+00 1.61e+00 1.61e+00 1.61e+00 1.61e+00 1.61e+00 1.61e+00 1.61e+00 1.61e+00 1.61e+00 1.61e+00 1.61e+00 1.61e+00 1.61e+00 1.61e+00 1.61e+00 1.61e+00 1.61e+00 1.61e+00 1.61e+00 1.61e+00 1.61e+00 1.61e+00 1.61e+00 1.61e+00 1.61e+00 1.61e+00 1.61e+00 1.61e+00 1.61e+00 1.61e+00 1.61e+00 1.61e+00 1.61e+00 1.61e+00 1.61e+00 1.61e+00 1.61e+00 1.61e+00 1.61e+00 1.61e+00 1.61e+00 2.68e+00 2.68e+00 2.68e+00 2.68e+00 2.68e+00 2.68e+00 2.68e+00 2.68e+00 2.68e+00
8.65e-01 8.65e-01 8.65e-01 8.65e-01 8.65e-01 8.65e-01 8.65e-01 8.65e-01 5.17e-01 5.17e-01 5.17e-01 5.17e-01 5.17e-01 5.17e-01 1.61e+00 1.61e+00 1.61e+00 1.61e+00 1.61e+00 1.61e+00 1.61e+00 1.61e+00 1.61e+00 1.61e+00 1.61e+00 1.61e+00 1.61e+00 1.61e+00 1.61e+00 1.61e+00 1.61e+00 1.61e+00 1.61e+00 1.61e+00 1.61e+00 1.61e+00 1.61e+00 1.61e+00 1.61e+00 1.61e+00 1.61e+00 1.61e+00 1.61e+00 1.61e+00 1.61e+00 1.61e+00 1.61e+00 1.61e+00 1.61e+00 1.61e+00 2.68e+00 2.68e+00 2.68e+00 2.68e+00 2.68e+00 2.68e+00 2.68e+00 2.68e+00 2.68e+00 2.68e+00 2.68e+00 2.68e+00
8.65e-01 8.65e-01 8.65e-01 8.65e-01 8.65e-01 8.65e-01 8.65e-01 8.65e-01 8.65e-01 8.65e-01 8.65e-01 8.65e-01 8.65e-01 8.65e-01 8.65e-01 5.17e-01 5.17e-01 1.61e+00 1.61e+00 1.61e+00 1.61e+00 1.61e+00 1.61e+00 1.61e+00 1.61e+00 1.61e+00 1.61e+00 1.61e+00 1.61e+00 1.61e+00 1.61e+00 1.61e+00 1.61e+00 1.61e+00 1.61e+00 1.61e+00 1.61e+00 1.61e+00 1.61e+00 1.61e+00 1.61e+00 1.61e+00 1.61e+00 1.61e+00 1.61e+00 1.61e+00 1.61e+00 1.61e+00 2.68e+00 2.68e+00 2.68e+00 2.68e+00 2.68e+00 2.68e+00 2.68e+00 2.68e+00 2.68e+00 2.68e+00 2.68e+00 2.68e+00 2.68e+00 2.68e+00
8.65e-01 8.65e-01 8.65e-01 8.65e-01 8.65e-01 8.65e-01 8.65e-01 8.65e-01 8.65e-01 8.65e-01 8.65e-01 8.65e-01 8.65e-01 8.65e-01 8.65e-01 8.65e-01 8.65e-01 8.65e-01 8.65e-01 8.65e-01 8.65e-01 1.61e+00 1.61e+00 1.61e+00 1.61e+00 1.61e+00 1.61e+00 1.61e+00 1.61e+00 1.61e+00 1.61e+00 1.61e+00 1.61e+00 1.61e+00 1.61e+00 1.61e+00 1.61e+00 1.61e+00 1.61e+00 1.61e+00 1.61e+00 1.61e+00 1.61e+00 1.61e+00 1.61e+00 2.68e+00 2.68e+00 2.68e+00 2.68e+00 2.68e+00 2.68e+00 2.68e+00 2.68e+00 2.68e+00 2.68e+00 2.68e+00 2.68e+00 2.68e+00 2.68e+00 2.68e+00 2.68e+00 2.68e+00
8.65e-01 8.65e-01 8.65e-01 8.65e-01 8.65e-01 8.65e-01 8.65e-01 8.65e-01 8.65e-01 8.65e-01 8.65e-01 8.65e-01 8.65e-01 8.65e-01 8.65e-01 8.65e-01 8.65e-01 8.65e-01 8.65e-01 8.65e-01 8.65e-01 8.65e-01 8.65e-01 8.65e-01 8.65e-01 8.65e-01 1.61e+00 1.61e+00 1.61e+00 1.61e+00 1.61e+00 1.61e+00 1.61e+00 1.61e+00 1.61e+00 1.61e+00 1.61e+00 1.61e+00 1.61e+00 1.61e+00 1.61e+00 1.61e+00 1.61e+00 2.68e+00 2.68e+00 2.68e+00 2.68e+00 2.68e+00 2.68e+00 2.68e+00 2.68e+00 2.68e+00 2.68e+00 2.68e+00 2.68e+00 2.68e+00 2.68e+00 2.68e+00 2.68e+00 2.68e+00 2.68e+00 2.68e+00
8.65e-01 8.65e-01 8.65e-01 8.65e-01 8.65e-01 8.65e-01 8.65e-01 8.65e-01 8.65e-01 8.65e-01 8.65e-01 8.65e-01 8.65e-01 8.65e-01 8.65e-01 8.65e-01 8.65e-01 8.65e-01 8.65e-01 8.65e-01 8.65e-01 8.65e-01 8.65e-01 8.65e-01 8.65e-01 8.65e-01 8.65e-01 8.65e-01 8.65e-01 3.54e-01 3.54e-01 3.54e-01 3.54e-01 3.54e-01 1.61e+00 1.61e+00 1.61e+00 1.61e+00 1.61e+00 1.61e+00 1.61e+00 2.68e+00 2.68e+00 2.68e+00 2.68e+00 2.68e+00 2.68e+00 2.68e+00 2.68e+00 2.68e+00 2.68e+00 2.68e+00 2.68e+00 2.68e+00 2.68e+00 2.68e+00 2.68e+00 2.68e+00 2.68e+00 2.68e+00 2.68e+00 2.68e+00
1.00e-32 1.00e-32 1.00e-32 1.00e-32 1.00e-32 1.00e-32 1.00e-32 1.00e-32 1.00e-32 1.00e-32 1.00e-32 1.00e-32 1.00e-32 1.00e-32 1.00e-32 1.00e-32 1.00e-32 1.00e-32 1.00e-32 1.00e-32 1.00e-32 1.00e-32 1.00e-32 1.00e-32 1.00e-32 1.00e-32 1.00e-32 1.00e-32 1.00e-32 1.00e-32 1.00e-32 1.00e-32 1.00e-32 1.00e-32 1.00e-32 1.00e-32 1.00e-32 1.00e-32 1.00e-32 1.00e-32 1.00e-32 1.00e-32 1.00e-32 1.00e-32 1.00e-32 1.00e-32 1.00e-32 1.00e-32 1.00e-32 1.00e-32 1.00e-32 1.00e-32 1.00e-32 1.00e-32 1.00e-32 1.00e-32 1.00e-32 1.00e-32 1.00e-32 1.00e-32 1.00e-32 1.00e-32
1.00e-32 1.00e-32 1.00e-32 1.00e-32 1.00e-32 1.00e-32 1.00e-32 1.00e-32 1.00e-32 1.00e-32 1.00e-32 1.00e-32 1.00e-32 1.00e-32 1.00e-32 1.00e-32 1.00e-32 1.00e-32 1.00e-32 1.00e-32 1.00e-32 1.00e-32 1.00e-32 1.00e-32 1.00e-32 1.00e-32 1.00e-32 1.00e-32 1.00e-32 1.00e-32 1.00e-32 1.00e-32 1.00e-32 1.00e-32 1.00e-32 1.00e-32 1.00e-32 1.00e-32 1.00e-32 1.00e-32 1.00e-32 1.00e-32 1.00e-32 1.00e-32 1.00e-32 1.00e-32 1.00e-32 1.00e-32 1.00e-32 1.00e-32 1.00e-32 1.00e-32 1.00e-32 1.00e-32 1.00e-32 1.00e-32 1.00e-32 1.00e-32 1.00e-32 1.00e-32 1.00e-32 1.00e-32
1.00e-32 1.00e-32 1.00e-32 1.00e-32 1.00e-32 1.00e-32 1.00e-32 1.00e-32 1.00e-32 1.00e-32 1.00e-32 1.00e-32 1.00e-32 1.00e-32 1.00e-32 1.00e-32 1.00e-32 1.00e-32 1.00e-32 1.00e-32 1.00e-32 1.00e-32 1.00e-32 1.00e-32 1.00e-32 1.00e-32 1.00e-32 1.00e-32 1.00e-32 1.00e-32 1.00e-32 1.00e-32 1.00e-32 1.00e-32 1.00e-32 1.00e-32 1.00e-32 1.00e-32 1.00e-32 1.00e-32 1.00e-32 1.00e-32 1.00e-32 1.00e-32 1.00e-32 1.00e-32 1.00e-32 1.00e-32 1.00e-32 1.00e-32 1.00e-32 1.00e-32 1.00e-32 1.00e-32 1.00e-32 1.00e-32 1.00e-32 1.00e-32 1.00e-32 1.00e-32 1.00e-32 1.00e-32
1.00e-32 1.00e-32 1.00e-32 1.00e-32 1.00e-32 1.00e-32 1.00e-32 1.00e-32 1.00e-32 1.00e-32 1.00e-32 1.00e-32 1.00e-32 1.00e-32 1.00e-32 1.00e-32 1.00e-32 1.00e-32 1.00e-32 1.00e-32 1.00e-32 1.00e-32 1.00e-32 1.00e-32 1.00e-32 1.00e-32 1.00e-32 1.00e-32 1.00e-32 1.00e-32 1.00e-32 1.00e-32 1.00e-32 1.00e-32 1.00e-32 1.00e-32 1.00e-32 1.00e-32 1.00e-32 1.00e-32 1.00e-32 1.00e-32 1.00e-32 1.00e-32 1.00e-32 1.00e-32 1.00e-32 1.00e-32 1.00e-32 1.00e-32 1.00e-32 1.00e-32 1.00e-32 1.00e-32 1.00e-32 1.00e-32 1.00e-32 1.00e-32 1.00e-32 1.00e-32 1.00e-32 1.00e-32
1.00e-32 1.00e-32 1.00e-32 1.00e-32 1.00e-32 1.00e-32 1.00e-32 1.00e-32 1.00e-32 1.00e-32 1.00e-32 1.00e-32 1.00e-32 1.00e-32 1.00e-32 1.00e-32 1.00e-32 1.00e-32 1.00e-32 1.00e-32 1.00e-32 1.00e-32 1.00e-32 1.00e-32 1.00e-32 1.00e-32 1.00e-32 1.00e-32 1.00e-32 1.00e-32 1.00e-32 1.00e-32 1.00e-32 1.00e-32 1.00e-32 1.00e-32 1.00e-32 1.00e-32 1.00e-32 1.00e-32 1.00e-32 1.00e-32 1.00e-32 1.00e-32 1.00e-32 1.00e-32 1.00e-32 1.00e-32 1.00e-32 1.00e-32 1.00e-32 1.00e-32 1.00e-32 1.00e-32 1.00e-32 1.00e-32 1.00e-32 1.00e-32 1.00e-32 1.00e-32 1.00e-32 1.00e-32
1.00e-32 1.00e-32 1.00e-32 1.00e-32 1.00e-32 1.00e-32 1.00e-32 1.00e-32 1.00e-32 1.00e-32 1.00e-32 1.00e-32 1.00e-32 1.00e-32 1.00e-32 1.00e-32 1.00e-32 1.00e-32 1.00e-32 1.00e-32 1.00e-32 1.00e-32 1.00e-32 1.00e-32 1.00e-32 1.00e-32 1.00e-32 1.00e-32 1.00e-32 1.00e-32 1.00e-32 1.00e-32 1.00e-32 1.00e-32 1.00e-32 1.00e-32 1.00e-32 1.00e-32 1.00e-32 1.00e-32 1.00e-32 1.00e-32 1.00e-32 1.00e-32 1.00e-32 1.00e-32 1.00e-32 1.00e-32 1.00e-32 1.00e-32 1.00e-32 1.00e-32 1.00e-32 1.00e-32 1.00e-32 1.00e-32 1.00e-32 1.00e-32 1.00e-32 1.00e-32 1.00e-32 1.00e-32
1.00e-32 1.00e-32 1.00e-32 1.00e-32 1.00e-32 1.00e-32 1.00e-32 1.00e-32 1.00e-32 1.00e-32 1.00e-32 1.00e-32 1.00e-32 1.00e-32 1.00e-32 1.00e-32 1.00e-32 1.00e-32 1.00e-32 1.00e-32 1.00e-32 1.00e-32 1.00e-32 1.00e-32 1.00e-32 1.00e-32 1.00e-32 1.00e-32 1.00e-32 1.00e-32 1.00e-32 1.00e-32 1.00e-32 1.00e-32 1.00e-32 1.00e-32 1.00e-32 1.00e-32 1.00e-32 1.00e-32 1.00e-32 1.00e-32 1.00e-32 1.00e-32 1.00e-32 1.00e-32 1.00e-32 1.00e-32 1.00e-32 1.00e-32 1.00e-32 1.00e-32 1.00e-32 1.00e-32 1.00e-32 1.00e-32 1.00e-32 1.00e-32 1.00e-32 1.00e-32 1.00e-32 1.00e-32
1.00e-32 1.00e-32 1.00e-32 1.00e-32 1.00e-32 1.00e-32 1.00e-32 1.00e-32 1.00e-32 1.00e-32 1.00e-32 1.00e-32 1.00e-32 1.00e-32 1.00e-32 1.00e-32 1.00e-32 1.00e-32 1.00e-32 1.00e-32 1.00e-32 1.00e-32 1.00e-32 1.00e-32 1.00e-32 1.00e-32 1.00e-32 1.00e-32 1.00e-32 1.00e-32 1.00e-32 1.00e-32 1.00e-32 1.00e-32 1.00e-32 1.00e-32 1.00e-32 1.00e-32 1.00e-32 1.00e-32 1.00e-32 1.00e-32 1.00e-32 1.00e-32 1.00e-32 1.00e-32 1.00e-32 1.00e-32 1.00e-32 1.00e-32 1.00e-32 1.00e-32 1.00e-32 1.00e-32 1.00e-32 1.00e-32 1.00e-32 1.00e-32 1.00e-32 1.00e-32 1.00e-32 1.00e-32
1.00e-32 1.00e-32 1.00e-32 1.00e-32 1.00e-32 1.00e-32 1.00e-32 1.00e-32 1.00e-32 1.00e-32 1.00e-32 1.00e-32 1.00e-32 1.00e-32 1.00e-32 1.00e-32 1.00e-32 1.00e-32 1.00e-32 1.00e-32 1.00e-32 1.00e-32 1.00e-32 1.00e-32 1.00e-32 1.00e-32 1.00e-32 1.00e-32 1.00e-32 1.00e-32 1.00e-32 1.00e-32 1.00e-32 1.00e-32 1.00e-32 1.00e-32 1.00e-32 1.00e-32 1.00e-32 1.00e-32 1.00e-32 1.00e-32 1.00e-32 1.00e-32 1.00e-32 1.00e-32 1.00e-32 1.00e-32 1.00e-32 1.00e-32 1.00e-32 1.00e-32 1.00e-32 1.00e-32 1.00e-32 1.00e-32 1.00e-32 1.00e-32 1.00e-32 1.00e-32 1.00e-32 1.00e-32
1.00e-32 1.00e-32 1.00e-32 1.00e-32 1.00e-32 1.00e-32 1.00e-32 1.00e-32 1.00e-32 1.00e-32 1.00e-32 1.00e-32 1.00e-32 1.00e-32 1.00e-32 1.00e-32 1.00e-32 1.00e-32 1.00e-32 1.00e-32 1.00e-32 1.00e-32 1.00e-32 1.00e-32 1.00e-32 1.00e-32 1.00e-32 1.00e-32 1.00e-32 1.00e-32 1.00e-32 1.00e-32 1.00e-32 1.00e-32 1.00e-32 1.00e-32 1.00e-32 1.00e-32 1.00e-32 1.00e-32 1.00e-32 1.00e-32 1.00e-32 1.00e-32 1.00e-32 1.00e-32 1.00e-32 1.00e-32 1.00e-32 1.00e-32 1.00e-32 1.00e-32 1.00e-32 1.00e-32 1.00e-32 1.00e-32 1.00e-32 1.00e-32 1.00e-32 1.00e-32 1.00e-32 1.00e-32
1.00e-32 1.00e-32 1.00e-32 1.00e-32 1.00e-32 1.00e-32 1.00e-32 1.00e-32 1.00e-32 1.00e-32 1.00e-32 1.00e-32 1.00e-32 1.00e-32 1.00e-32 1.00e-32 1.00e-32 1.00e-32 1.00e-32 1.00e-32 1.00e-32 1.00e-32 1.00e-32 1.00e-32 1.00e-32 1.00e-32 1.00e-32 1.00e-32 1.00e-32 1.00e-32 1.00e-32 1.00e-32 1.00e-32 1.00e-32 1.00e-32 1.00e-32 1.00e-32 1.00e-32 1.00e-32 1.00e-32 1.00e-32 1.00e-32 1.00e-32 1.00e-32 1.00e-32 1.00e-32 1.00e-32 1.00e-32 1.00e-32 1.00e-32 1.00e-32 1.00e-32 1.00e-32 1.00e-32 1.00e-32 1.00e-32 1.00e-32 1.00e-32 1.00e-32 1.00e-32 1.00e-32 1.00e-32
1.00e-32 1.00e-32 1.00e-32 1.00e-32 1.00e-32 1.00e-32 1.00e-32 1.00e-32 1.00e-32 1.00e-32 1.00e-32 1.00e-32 1.00e-32 1.00e-32 1.00e-32 1.00e-32 1.00e-32 1.00e-32 1.00e-32 1.00e-32 1.00e-32 1.00e-32 1.00e-32 1.00e-32 1.00e-32 1.00e-32 1.00e-32 1.00e-32 1.00e-32 1.00e-32 1.00e-32 1.00e-32 1.00e-32 1.00e-32 1.00e-32 1.00e-32 1.00e-32 1.00e-32 1.00e-32 1.00e-32 1.00e-32 1.00e-32 1.00e-32 1.00e-32 1.00e-32 1.00e-32 1.00e-32 1.00e-32 1.00e-32 1.00e-32 1.00e-32 1.00e-32 1.00e-32 1.00e-32 1.00e-32 1.00e-32 1.00e-32 1.00e-32 1.00e-32 1.00e-32 1.00e-32 1.00e-32
1.00e-32 1.00e-32 1.00e-32 1.00e-32 1.00e-32 1.00e-32 1.00e-32 1.00e-32 1.00e-32 1.00e-32 1.00e-32 1.00e-32 1.00e-32 1.00e-32 1.00e-32 1.00e-32 1.00e-32 1.00e-32 1.00e-32 1.00e-32 1.00e-32 1.00e-32 1.00e-32 1.00e-32 1.00e-32 1.00e-32 1.00e-32 1.00e-32 1.00e-32 1.00e-32 1.00e-32 1.00e-32 1.00e-32 1.00e-32 1.00e-32 1.00e-32 1.00e-32 1.00e-32 1.00e-32 1.00e-32 1.00e-32 1.00e-32 1.00e-32 1.00e-32 1.00e-32 1.00e-32 1.00e-32 1.00e-32 1.00e-32 1.00e-32 1.00e-32 1.00e-32 1.00e-32 1.00e-32 1.00e-32 1.00e-32 1.00e-32 1.00e-32 1.00e-32 1.00e-32 1.00e-32 1.00e-32
1.00e-32 1.00e-32 1.00e-32 1.00e-32 1.00e-32 1.00e-32 1.00e-32 1.00e-32 1.00e-32 1.00e-32 1.00e-32 1.00e-32 1.00e-32 1.00e-32 1.00e-32 1.00e-32 1.00e-32 1.00e-32 1.00e-32 1.00e-32 1.00e-32 1.00e-32 1.00e-32 1.00e-32 1.00e-32 1.00e-32 1.00e-32 1.00e-32 1.00e-32 1.00e-32 1.00e-32 1.00e-32 1.00e-32 1.00e-32 1.00e-32 1.00e-32 1.00e-32 1.00e-32 1.00e-32 1.00e-32 1.00e-32 1.00e-32 1.00e-32 1.00e-32 1.00e-32 1.00e-32 1.00e-32 1.00e-32 1.00e-32 1.00e-32 1.00e-32 1.00e-32 1.00e-32 1.00e-32 1.00e-32 1.00e-32 1.00e-32 1.00e-32 1.00e-32 1.00e-32 1.00e-32 1.00e-32
1.00e-32 1.00e-32 1.00e-32 1.00e-32 1.00e-32 1.00e-32 1.00e-32 1.00e-32 1.00e-32 1.00e-32 1.00e-32 1.00e-32 1.00e-32 1.00e-32 1.00e-32 1.00e-32 1.00e-32 1.00e-32 1.00e-32 1.00e-32 1.00e-32 1.00e-32 1.00e-32 1.00e-32 1.00e-32 1.00e-32 1.00e-32 1.00e-32 1.00e-32 1.00e-32 1.00e-32 1.00e-32 1.00e-32 1.00e-32 1.00e-32 1.00e-32 1.00e-32 1.00e-32 1.00e-32 1.00e-32 1.00e-32 1.00e-32 1.00e-32 1.00e-32 1.00e-32 1.00e-32 1.00e-32 1.00e-32 1.00e-32 1.00e-32 1.00e-32 1.00e-32 1.00e-32 1.00e-32 1.00e-32 1.00e-32 1.00e-32 1.00e-32 1.00e-32 1.00e-32 1.00e-32 1.00e-32
1.00e-32 1.00e-32 1.00e-32 1.00e-32 1.00e-32 1.00e-32 1.00e-32 1.00e-32 1.00e-32 1.00e-32 1.00e-32 1.00e-32 1.00e-32 1.00e-32 1.00e-32 1.00e-32 1.00e-32 1.00e-32 1.00e-32 1.00e-32 1.00e-32 1.00e-32 1.00e-32 1.00e-32 1.00e-32 1.00e-32 1.00e-32 1.00e-32 1.00e-32 1.00e-32 1.00e-32 1.00e-32 1.00e-32 1.00e-32 1.00e-32 1.00e-32 1.00e-32 1.00e-32 1.00e-32 1.00e-32 1.00e-32 1.00e-32 1.00e-32 1.00e-32 1.00e-32 1.00e-32 1.00e-32 1.00e-32 1.00e-32 1.00e-32 1.00e-32 1.00e-32 1.00e-32 1.00e-32 1.00e-32 1.00e-32 1.00e-32 1.00e-32 1.00e-32 1.00e-32 1.00e-32 1.00e-32
1.00e-32 1.00e-32 1.00e-32 1.00e-32 1.00e-32 1.00e-32 1.00e-32 1.00e-32 1.00e-32 1.00e-32 1.00e-32 1.00e-32 1.00e-32 1.00e-32 1.00e-32 1.00e-32 1.00e-32 1.00e-32 1.00e-32 1.00e-32 1.00e-32 1.00e-32 1.00e-32 1.00e-32 1.00e-32 1.00e-32 1.00e-32 1.00e-32 1.00e-32 1.00e-32 1.00e-32 1.00e-32 1.00e-32 1.00e-32 1.00e-32 1.00e-32 1.00e-32 1.00e-32 1.00e-32 1.00e-32 1.00e-32 1.00e-32 1.00e-32 1.00e-32 1.00e-32 1.00e-32 1.00e-32 1.00e-32 1.00e-32 1.00e-32 1.00e-32 1.00e-32 1.00e-32 1.00e-32 1.00e-32 1.00e-32 1.00e-32 1.00e-32 1.00e-32 1.00e-32 1.00e-32 1.00e-32
1.00e-32 1.00e-32 1.00e-32 1.00e-32 1.00e-32 1.00e-32 1.00e-32 1.00e-32 1.00e-32 1.00e-32 1.00e-32 1.00e-32 1.00e-32 1.00e-32 1.00e-32 1.00e-32 1.00e-32 1.00e-32 1.00e-32 1.00e-32 1.00e-32 1.00e-32 1.00e-32 1.00e-32 1.00e-32 1.00e-32 1.00e-32 1.00e-32 1.00e-32 1.00e-32 1.00e-32 1.00e-32 1.00e-32 1.00e-32 1.00e-32 1.00e-32 1.00e-32 1.00e-32 1.00e-32 1.00e-32 1.00e-32 1.00e-32 1.00e-32 1.00e-32 1.00e-32 1.00e-32 1.00e-32 1.00e-32 1.00e-32 1.00e-32 1.00e-32 1.00e-32 1.00e-32 1.00e-32 1.00e-32 1.00e-32 1.00e-32 1.00e-32 1.00e-32 1.00e-32 1.00e-32 1.00e-32
1.00e-32 1.00e-32 1.00e-32 1.00e-32 1.00e-32 1.00e-32 1.00e-32 1.00e-32 1.00e-32 1.00e-32 1.00e-32 1.00e-32 1.00e-32 1.00e-32 1.00e-32 1.00e-32 1.00e-32 1.00e-32 1.00e-32 1.00e-32 1.00e-32 1.00e-32 1.00e-32 1.00e-32 1.00e-32 1.00e-32 1.00e-32 1.00e-32 1.00e-32 1.00e-32 1.00e-32 1.00e-32 1.00e-32 1.00e-32 1.00e-32 1.00e-32 1.00e-32 1.00e-32 1.00e-32 1.00e-32 1.00e-32 1.00e-32 1.00e-32 1.00e-32 1.00e-32 1.00e-32 1.00e-32 1.00e-32 1.00e-32 1.00e-32 1.00e-32 1.00e-32 1.00e-32 1.00e-32 1.00e-32 1.00e-32 1.00e-32 1.00e-32 1.00e-32 1.00e-32 1.00e-32 1.00e-32
1.00e-32 1.00e-32 1.00e-32 1.00e-32 1.00e-32 1.00e-32 1.00e-32 1.00e-32 1.00e-32 1.00e-32 1.00e-32 1.00e-32 1.00e-32 1.00e-32 1.00e-32 1.00e-32 1.00e-32 1.00e-32 1.00e-32 1.00e-32 1.00e-32 1.00e-32 1.00e-32 1.00e-32 1.00e-32 1.00e-32 1.00e-32 1.00e-32 1.00e-32 1.00e-32 1.00e-32 1.00e-32 1.00e-32 1.00e-32 1.00e-32 1.00e-32 1.00e-32 1.00e-32 1.00e-32 1.00e-32 1.00e-32 1.00e-32 1.00e-32 1.00e-32 1.00e-32 1.00e-32 1.00e-32 1.00e-32 1.00e-32 1.00e-32 1.00e-32 1.00e-32 1.00e-32 1.00e-32 1.00e-32 1.00e-32 1.00e-32 1.00e-32 1.00e-32 1.00e-32 1.00e-32 1.00e-32
1.00e-32 1.00e-32 1.00e-32 1.00e-32 1.00e-32 1.00e-32 1.00e-32 1.00e-32 1.00e-32 1.00e-32 1.00e-32 1.00e-32 1.00e-32 1.00e-32 1.00e-32 1.00e-32 1.00e-32 1.00e-32 1.00e-32 1.00e-32 1.00e-32 1.00e-32 1.00e-32 1.00e-32 1.00e-32 1.00e-32 1.00e-32 1.00e-32 1.00e-32 1.00e-32 1.00e-32 1.00e-32 1.00e-32 1.00e-32 1.00e-32 1.00e-32 1.00e-32 1.00e-32 1.00e-32 1.00e-32 1.00e-32 1.00e-32 1.00e-32 1.00e-32 1.00e-32 1.00e-32 1.00e-32 1.00e-32 1.00e-32 1.00e-32 1.00e-32 1.00e-32 1.00e-32 1.00e-32 1.00e-32 1.00e-32 1.00e-32 1.00e-32 1.00e-32 1.00e-32 1.00e-32 1.00e-32
1.00e-32 1.00e-32 1.00e-32 1.00e-32 1.00e-32 1.00e-32 1.00e-32 1.00e-32 1.00e-32 1.00e-32 1.00e-32 1.00e-32 1.00e-32 1.00e-32 1.00e-32 1.00e-32 1.00e-32 1.00e-32 1.00e-32 1.00e-32 1.00e-32 1.00e-32 1.00e-32 1.00e-32 1.00e-32 1.00e-32 1.00e-32 1.00e-32 1.00e-32 1.00e-32 1.00e-32 1.00e-32 1.00e-32 1.00e-32 1.00e-32 1.00e-32 1.00e-32 1.00e-32 1.00e-32 1.00e-32 1.00e-32 1.00e-32 1.00e-32 1.00e-32 1.00e-32 1.00e-32 1.00e-32 1.00e-32 1.00e-32 1.00e-32 1.00e-32 1.00e-32 1.00e-32 1.00e-32 1.00e-32 1.00e-32 1.00e-32 1.00e-32 1.00e-32 1.00e-32 1.00e-32 1.00e-32
1.00e-32 1.00e-32 1.00e-32 1.00e-32 1.00e-32 1.00e-32 1.00e-32 1.00e-32 1.00e-32 1.00e-32 1.00e-32 1.00e-32 1.00e-32 1.00e-32 1.00e-32 1.00e-32 1.00e-32 1.00e-32 1.00e-32 1.00e-32 1.00e-32 1.00e-32 1.00e-32 1.00e-32 1.00e-32 1.00e-32 1.00e-32 1.00e-32 1.00e-32 1.00e-32 1.00e-32 1.00e-32 1.00e-32 1.00e-32 1.00e-32 1.00e-32 1.00e-32 1.00e-32 1.00e-32 1.00e-32 1.00e-32 1.00e-32 1.00e-32 1.00e-32 1.00e-32 1.00e-32 1.00e-32 1.00e-32 1.00e-32 1.00e-32 1.00e-32 1.00e-32 1.00e-32 1.00e-32 1.00e-32 1.00e-32 1.00e-32 1.00e-32 1.00e-32 1.00e-32 1.00e-32 1.00e-32
1.00e-32 1.00e-32 1.00e-32 1.00e-32 1.00e-32 1.00e-32 1.00e-32 1.00e-32 1.00e-32 1.00e-32 1.00e-32 1.00e-32 1.00e-32 1.00e-32 1.00e-32 1.00e-32 1.00e-32 1.00e-32 1.00e-32 1.00e-32 1.00e-32 1.00e-32 1.00e-32 1.00e-32 1.00e-32 1.00e-32 1.00e-32 1.00e-32 1.00e-32 1.00e-32 1.00e-32 1.00e-32 1.00e-32 1.00e-32 1.00e-32 1.00e-32 1.00e-32 1.00e-32 1.00e-32 1.00e-32 1.00e-32 1.00e-32 1.00e-32 1.00e-32 1.00e-32 1.00e-32 1.00e-32 1.00e-32 1.00e-32 1.00e-32 1.00e-32 1.00e-32 1.00e-32 1.00e-32 1.00e-32 1.00e-32 1.00e-32 1.00e-32 1.00e-32 1.00e-32 1.00e-32 1.00e-32
1.00e-32 1.00e-32 1.00e-32 1.00e-32 1.00e-32 1.00e-32 1.00e-32 1.00e-32 1.00e-32 1.00e-32 1.00e-32 1.00e-32 1.00e-32 1.00e-32 1.00e-32 1.00e-32 1.00e-32 1.00e-32 1.00e-32 1.00e-32 1.00e-32 1.00e-32 1.00e-32 1.00e-32 1.00e-32 1.00e-32 1.00e-32 1.00e-32 1.00e-32 1.00e-32 1.00e-32 1.00e-32 1.00e-32 1.00e-32 1.00e-32 1.00e-32 1.00e-32 1.00e-32 1.00e-32 1.00e-32 1.00e-32 1.00e-32 1.00e-32 1.00e-32 1.00e-32 1.00e-32 1.00e-32 1.00e-32 1.00e-32 1.00e-32 1.00e-32 1.00e-32 1.00e-32 1.00e-32 1.00e-32 1.00e-32 1.00e-32 1.00e-32 1.00e-32 1.00e-32 1.00e-32 1.00e-32
1.00e-32 1.00e-32 1.00e-32 1.00e-32 1.00e-32 1.00e-32 1.00e-32 1.00e-32 1.00e-32 1.00e-32 1.00e-32 1.00e-32 1.00e-32 1.00e-32 1.00e-32 1.00e-32 1.00e-32 1.00e-32 1.00e-32 1.00e-32 1.00e-32 1.00e-32 1.00e-32 1.00e-32 1.00e-32 1.00e-32 1.00e-32 1.00e-32 1.00e-32 1.00e-32 1.00e-32 1.00e-32 1.00e-32 1.00e-32 1.00e-32 1.00e-32 1.00e-32 1.00e-32 1.00e-32 1.00e-32 1.00e-32 1.00e-32 1.00e-32 1.00e-32 1.00e-32 1.00e-32 1.00e-32 1.00e-32 1.00e-32 1.00e-32 1.00e-32 1.00e-32 1.00e-32 1.00e-32 1.00e-32 1.00e-32 1.00e-32 1.00e-32 1.00e-32 1.00e-32 1.00e-32 1.00e-32
1.00e-32 1.00e-32 1.00e-32 1.00e-32 1.00e-32 1.00e-32 1.00e-32 1.00e-32 1.00e-32 1.00e-32 1.00e-32 1.00e-32 1.00e-32 1.00e-32 1.00e-32 1.00e-32 1.00e-32 1.00e-32 1.00e-32 1.00e-32 1.00e-32 1.00e-32 1.00e-32 1.00e-32 1.00e-32 1.00e-32 1.00e-32 1.00e-32 1.00e-32 1.00e-32 1.00e-32 1.00e-32 1.00e-32 1.00e-32 1.00e-32 1.00e-32 1.00e-32 1.00e-32 1.00e-32 1.00e-32 1.00e-32 1.00e-32 1.00e-32 1.00e-32 1.00e-32 1.00e-32 1.00e-32 1.00e-32 1.00e-32 1.00e-32 1.00e-32 1.00e-32 1.00e-32 1.00e-32 1.00e-32 1.00e-32 1.00e-32 1.00e-32 1.00e-32 1.00e-32 1.00e-32 1.00e-32
1.00e-32 1.00e-32 1.00e-32 1.00e-32 1.00e-32 1.00e-32 1.00e-32 1.00e-32 1.00e-32 1.00e-32 1.00e-32 1.00e-32 1.00e-32 1.00e-32 1.00e-32 1.00e-32 1.00e-32 1.00e-32 1.00e-32 1.00e-32 1.00e-32 1.00e-32 1.00e-32 1.00e-32 1.00e-32 1.00e-32 1.00e-32 1.00e-32 1.00e-32 1.00e-32 1.00e-32 1.00e-32 1.00e-32 1.00e-32 1.00e-32 1.00e-32 1.00e-32 1.00e-32 1.00e-32 1.00e-32 1.00e-32 1.00e-32 1.00e-32 1.00e-32 1.00e-32 1.00e-32 1.00e-32 1.00e-32 1.00e-32 1.00e-32 1.00e-32 1.00e-32 1.00e-32 1.00e-32 1.00e-32 1.00e-32 1.00e-32 1.00e-32 1.00e-32 1.00e-32 1.00e-32 1.00e-32
1.00e-32 1.00e-32 1.00e-32 1.00e-32 1.00e-32 1.00e-32 1.00e-32 1.00e-32 1.00e-32 1.00e-32 1.00e-32 1.00e-32 1.00e-32 1.00e-32 1.00e-32 1.00e-32 1.00e-32 1.00e-32 1.00e-32 1.00e-32 1.00e-32 1.00e-32 1.00e-32 1.00e-32 1.00e-32 1.00e-32 1.00e-32 1.00e-32 1.00e-32 1.00e-32 1.00e-32 1.00e-32 1.00e-32 1.00e-32 1.00e-32 1.00e-32 1.00e-32 1.00e-32 1.00e-32 1.00e-32 1.00e-32 1.00e-32 1.00e-32 1.00e-32 1.00e-32 1.00e-32 1.00e-32 1.00e-32 1.00e-32 1.00e-32 1.00e-32 1.00e-32 1.00e-32 1.00e-32 1.00e-32 1.00e-32 1.00e-32 1.00e-32 1.00e-32 1.00e-32 1.00e-32 1.00e-32
1.00e-32 1.00e-32 1.00e-32 1.00e-32 1.00e-32 1.00e-32 1.00e-32 1.00e-32 1.00e-32 1.00e-32 1.00e-32 1.00e-32 1.00e-32 1.00e-32 1.00e-32 1.00e-32 1.00e-32 1.00e-32 1.00e-32 1.00e-32 1.00e-32 1.00e-32 1.00e-32 1.00e-32 1.00e-32 1.00e-32 1.00e-32 1.00e-32 1.00e-32 1.00e-32 1.00e-32 1.00e-32 1.00e-32 1.00e-32 1.00e-32 1.00e-32 1.00e-32 1.00e-32 1.00e-32 1.00e-32 1.00e-32 1.00e-32 1.00e-32 1.00e-32 1.00e-32 1.00e-32 1.00e-32 1.00e-32 1.00e-32 1.00e-32 1.00e-32 1.00e-32 1.00e-32 1.00e-32 1.00e-32 1.00e-32 1.00e-32 1.00e-32 1.00e-32 1.00e-32 1.00e-32 1.00e-32
1.00e-32 1.00e-32 1.00e-32 1.00e-32 1.00e-32 1.00e-32 1.00e-32 1.00e-32 1.00e-32 1.00e-32 1.00e-32 1.00e-32 1.00e-32 1.00e-32 1.00e-32 1.00e-32 1.00e-32 1.00e-32 1.00e-32 1.00e-32 1.00e-32 1.00e-32 1.00e-32 1.00e-32 1.00e-32 1.00e-32 1.00e-32 1.00e-32 1.00e-32 1.00e-32 1.00e-32 1.00e-32 1.00e-32 1.00e-32 1.00e-32 1.00e-32 1.00e-32 1.00e-32 1.00e-32 1.00e-32 1.00e-32 1.00e-32 1.00e-32 1.00e-32 1.00e-32 1.00e-32 1.00e-32 1.00e-32 1.00e-32 1.00e-32 1.00e-32 1.00e-32 1.00e-32 1.00e-32 1.00e-32 1.00e-32 1.00e-32 1.00e-32 1.00e-32 1.00e-32 1.00e-32 1.00e-32
